0,32,26,10,23,34,17,9,22,18,33,20,7,28,12,11,36,21,19,2,4
33,1,20,2,21,7,28,12,30,11,36,22,18,6,34,23,10,5,32,0,26
25,2,21,20,14,12,35,3,8,30,11,29,7,13,27,19,15,32,5,24,16
35,3,26,10,23,14,31,9,17,25,2,29,7,36,13,4,19,15,24,16,33
21,4,19,33,1,7,28,12,11,36,13,22,18,6,34,23,10,5,32,0,26
10,5,24,15,32,9,22,18,27,6,34,30,11,28,12,2,21,4,33,1,20
27,6,34,9,22,10,5,24,15,32,0,30,11,28,12,2,21,4,1,20,14
29,7,28,11,36,4,19,15,16,33,1,17,25,14,31,0,26,3,8,23,10
23,8,30,12,35,17,25,2,20,14,31,15,32,24,16,22,18,29,13,27,6
31,9,22,6,34,0,26,3,23,10,5,7,28,11,36,21,4,19,33,1,20
23,10,5,0,26,31,9,22,6,34,17,7,28,11,36,21,4,19,33,1,20
30,11,36,28,12,33,1,20,2,21,4,5,24,32,0,9,22,18,27,6,34
28,12,35,30,11,33,1,20,2,21,4,5,24,32,0,9,22,18,27,6,34
36,13,27,18,29,4,19,15,24,16,33,8,30,12,35,17,25,2,20,14,31
20,14,31,17,25,23,8,30,12,35,3,19,15,24,16,36,13,27,18,29,7
19,15,32,24,16,18,29,7,13,27,6,25,2,20,14,23,8,30,12,35,3
24,16,33,19,15,18,29,7,13,27,6,25,2,20,14,23,8,30,12,35,3
34,17,2,14,31,0,26,3,8,23,10,19,15,16,33,29,7,28,11,36,13
22,18,29,13,27,5,24,16,12,35,3,8,30,11,25,21,1,20,14,7,36
4,19,15,16,33,36,13,27,29,7,28,17,25,14,31,0,26,3,8,23,10
1,20,14,25,2,28,12,35,8,30,11,6,34,9,22,15,32,0,10,5,24
2,21,4,33,1,28,12,35,30,11,36,22,18,27,6,10,5,24,32,0,26
9,22,18,27,6,10,5,24,32,0,26,21,4,33,1,28,12,35,30,11,36
8,23,10,26,3,14,31,9,34,17,25,29,7,36,13,4,19,15,24,16,33
5,24,16,19,15,22,18,29,13,27,6,2,21,1,20,12,35,3,8,30,11
17,25,2,20,14,23,8,30,35,3,26,15,32,24,16,18,29,7,36,13,27
0,26,3,23,10,31,9,22,34,17,25,36,13,29,7,21,4,19,16,33,1
13,27,6,22,18,19,15,32,8,30,11,24,16,12,35,8,30,11,25,2,21
7,28,12,30,11,21,4,19,33,1,20,22,18,6,34,32,0,26,23,10,5
18,29,7,36,13,19,15,32,24,16,33,3,26,8,23,17,25,2,14,31,9
8,30,11,28,12,1,20,14,25,2,21,15,32,24,16,22,18,29,27,6,34
14,31,9,17,25,26,3,35,8,23,10,15,32,24,16,18,29,7,36,13,27
15,32,0,10,5,30,8,23,27,6,34,11,36,28,12,25,2,21,20,14,31
16,33,1,4,19,29,7,28,11,36,13,17,25,31,9,0,26,3,23,10,5
6,34,17,31,9,32,0,26,23,10,5,4,19,33,1,30,8,23,12,35,3
3,35,12,30,8,20,14,31,25,2,21,15,32,24,16,22,18,29,27,6,34
11,36,13,29,7,21,4,19,16,33,1,9,22,34,17,0,26,3,23,10,5
